The matlab code to find the inverse matrix of a:
 a=[1 3 -1;0 1 2;-1 0 8]

a =

     1     3    -1
     0     1     2
    -1     0     8

>> b=inv(a)

b =

    8.0000  -24.0000    7.0000
   -2.0000    7.0000   -2.0000
    1.0000   -3.0000    1.0000
